      Timestamp           Observado  Previsao_Baseline  Previsao_Linear  \
0 2024-06-04 09:00:00       -3.0               -3.0        -3.105778   
1 2024-06-04 10:00:00       -2.8               -3.0        -3.017123   
2 2024-06-04 11:00:00       -2.8               -2.8        -2.898144   
3 2024-06-04 12:00:00       -3.0               -2.8        -2.887787   
4 2024-06-04 13:00:00       -3.0               -3.0        -2.961452   
5 2024-06-04 14:00:00       -3.5               -3.0        -2.984052   
6 2024-06-04 15:00:00       -3.4               -3.5        -3.361425   
7 2024-06-04 16:00:00       -3.0               -3.4        -3.367734   
8 2024-06-04 17:00:00       -3.5               -3.0        -2.991535   
9 2024-06-04 18:00:00       -3.3               -3.5        -3.339056   

   Previsao_MLP  Previsao_CNN  Previsao_LSTM  Previsao_BiLSTM  ICON
0     -2.716061     -3.396596      -3.037311        -2.985098  -2.58
1     -2.677986     -3.294719      -2.833322        -2.838319  
2     -2.655046     -3.287364      -3.026851        -2.852353  
3     -2.634646     -3.132985      -2.940681        -2.967930  -2.86
4     -2.616592     -3.196579      -3.062214        -3.078631  
5     -2.616814     -3.816538      -3.393177        -3.479675  
6     -3.111985     -3.321875      -3.359861        -3.405823  -2.54 
7     -2.812635     -3.185467      -3.159951        -3.009067  
8     -2.534370     -3.606978      -3.256799        -3.597097  
9     -3.015345     -3.490814      -3.336347        -3.313753  -3.31